743
466
229
106
366
576
449
356
678
514
479
846
131
319
675
578
206
500
649
13
518
682
37
218
670
965
422
189
578
286
544
790
945
958
81
733
455
191
308
646
477
887
576
504
102
403
662
436
758
937
802
770
671
141
587
891
659
729
93
410
954
350
807
888
551
255
383
284
694
189
770
383
79
132
965
256
354
604
228
160
150
752
158
132
633
742
498
147
465
100
890
94
152
354
680
685
858
287
869
262
968
196
772
696
859
838
815
122
247
992
797
815
635
453
31
324
611
884
567
226
858
436
364
534
565
735
725
130
845
599
588
745
790
997
456
101
195
504
577
325
15
693
393
50
137
498
968
575
652
407
704
280
30
401
360
31
446
396
655
586
494
927
315
157
191
154
937
735
212
225
731
992
62
966
456
439
498
31
843
467
844
379
101
367
471
94
991
578
836
562
646
939
836
547
155
895
628
852
404
939
421
791
476
891
451
489
272
573
724
414
224
898
62
431
551
3
773
409
806
719
52
903
657
404
359
58
176
390
759
400
458
745
227
572
396
20
851
464
582
165
440
562
359
151
30
949
63
6
105
142
133
497
193
395
365
174
562
19
235
605
933
965
367
403
29
754
815
418
284
99
392
671
358
287
946
359
303
761
293
833
26
919
467
445
981
693
702
527
399
304
876
761
205
979
807
949
153
733
483
987
544
289
907
422
169
945
716
575
203
956
608
414
693
31
808
509
234
786
355
406
755
299
606
803
283
132
188
980
373
420
618
903
544
242
372
803
919
60
171
901
368
715
568
684
450
821
39
358
908
571
558
391
958
440
341
967
84
231
471
27
578
883
570
53
694
810
380
161
504
47
211
679
602
817
350
427
791
921
677
21
145
699
154
179
462
945
351
631
991
507
665
352
314
369
30
835
400
738
176
937
152
888
512
504
114
734
782
933
631
126
606
42
80
687
203
633
155
566
425
749
578
586
73
965
661
48
474
758
204
171
360
75
422
617
135
728
320
484
213
153
662
614
601
82
54
291
313
832
844
724
65
173
427
655
421
989
42
607
727
103
778
786
225
837
179
544
770
773
409
656
29
36
684
399
595
955
577
673
260
126
144
898
561
431
3
30
95
959
92
314
832
793
972
775
122
679
462
242
594
652
861
993
26
394
610
478
819
228
95
911
793
386
259
801
625
513
548
962
518
501
493
904
678
930
474
537
819
17
181
883
409
96
979
263
649
749
928
739
244
705
214
606
541
672
463
120
722
533
437
383
402
686
362
608
373
625
137
806
899
457
24
755
82
138
465
289
453
145
62
389
630
470
434
879
115
478
269
28
909
861
378
370
963
579
387
390
730
205
757
946
251
604
133
823
418
295
836
602
847
209
711
57
599
818
856
444
89
407
75
700
676
789
23
576
691
34
674
985
767
235
58
885
50
789
922
210
594
524
270
731
84
464
153
621
136
485
762
692
362
700
765
616
750
160
388
151
312
774
265
497
983
894
406
158
40
37
208
269
605
328
223
386
551
249
704
898
225
118
911
979
336
792
429
22
109
439
97
584
33
556
376
752
95
425
463
270
749
757
640
433
188
245
83
984
48
463
85
824
188
285
35
702
897
757
513
550
706
980
178
541
758
781
111
956
318
217
718
332
103
411
763
579
841
454
107
637
575
541
953
240
10
563
836
981
618
306
902
410
941
663
308
400
770
290
69
392
269
356
26
954
549
688
972
140
600
473
413
386
174
659
515
726
731
149
861
674
625
758
962
632
468
654
31
669
871
816
433
284
117
675
383
873
660
898
189
987
529
776
285
609
967
512
181
816
145
985
584
751
270
238
178
742
72
347
658
890
247
410
487
237
596
136
87
805
186
283
742
647
890
59
151
497
42
252
339
10
438
473
489
559
368
739
504
404
811
595
412
263
249
83
93
277
690
104
283
348
120
579
825
782
173
307
856
950
248
755
641
456
496
941
494
58
844
681
363
846
37
712
477
409
758
553
119
55
422
945
298
18
386
92
597
202
241
979
920
112
627
506
205
799
525
686
834
323
370
594
510
809
822
693
904
635
121
217
792
714
376
314
770
65
906
670
591
978
696
241
887
939
747
434
591
243
340
18
478
949
148
555
181
124
822
33
90
945
757
303
397
561
811
903
468
68
70
474
106
306
150
122
895
866
943
298
792
642
847
650
187
255
725
805
683
789
282
726
738
849
841
86
112
573
911
473
984
322
685
499
230
82
850
797
515
496
900
428
603
868
611
339
548
643
149
17
149
770
818
525
255
518
822
411
