3
3
6
10
10
13
15
17
17
18
18
19
20
21
22
23
24
26
26
26
27
28
29
29
30
30
30
30
31
31
31
31
31
33
33
34
35
36
37
37
37
39
40
42
42
42
47
48
48
50
50
52
53
54
55
57
58
58
58
59
60
62
62
62
63
65
65
68
69
70
72
73
75
75
79
80
81
82
82
82
83
83
84
84
85
86
87
89
90
92
92
93
93
94
94
95
95
95
96
97
99
100
101
101
102
103
103
104
105
106
106
107
109
111
112
112
114
115
117
118
119
120
120
121
122
122
122
124
126
126
130
131
132
132
132
133
133
135
136
136
137
137
138
140
141
142
144
145
145
145
147
148
149
149
149
150
150
151
151
151
152
152
153
153
153
154
154
155
155
157
158
158
160
160
161
165
169
171
171
173
173
174
174
176
176
178
178
179
179
181
181
181
186
187
188
188
188
189
189
189
191
191
193
195
196
202
203
203
204
205
205
205
206
208
209
210
211
212
213
214
217
217
218
223
224
225
225
225
226
227
228
228
229
230
231
234
235
235
237
238
240
241
241
242
242
243
244
245
247
247
248
249
249
251
252
255
255
255
256
259
260
262
263
263
265
269
269
269
270
270
270
272
277
280
282
283
283
283
284
284
284
285
285
286
287
287
289
289
290
291
293
295
298
298
299
303
303
304
306
306
307
308
308
312
313
314
314
314
315
318
319
320
322
323
324
325
328
332
336
339
339
340
341
347
348
350
350
351
352
354
354
355
356
356
358
358
359
359
359
360
360
362
362
363
364
365
366
367
367
368
368
369
370
370
372
373
373
376
376
378
379
380
383
383
383
383
386
386
386
386
387
388
389
390
390
391
392
392
393
394
395
396
396
397
399
399
400
400
400
401
402
403
403
404
404
404
406
406
407
407
409
409
409
409
410
410
410
411
411
412
413
414
414
418
418
420
421
421
422
422
422
422
425
425
427
427
428
429
431
431
433
433
434
434
436
436
437
438
439
439
440
440
444
445
446
449
450
451
453
453
454
455
456
456
456
457
458
462
462
463
463
463
464
464
465
465
466
467
467
468
468
470
471
471
473
473
473
474
474
474
476
477
477
478
478
478
479
483
484
485
487
489
489
493
494
494
496
496
497
497
497
498
498
498
499
500
501
504
504
504
504
504
506
507
509
510
512
512
513
513
514
515
515
518
518
518
524
525
525
527
529
533
534
537
541
541
541
544
544
544
544
547
548
548
549
550
551
551
551
553
555
556
558
559
561
561
562
562
562
563
565
566
567
568
570
571
572
573
573
575
575
575
576
576
576
577
577
578
578
578
578
578
579
579
579
582
584
584
586
586
587
588
591
591
594
594
594
595
595
596
597
599
599
600
601
602
602
603
604
604
605
605
606
606
606
607
608
608
609
610
611
611
614
616
617
618
618
621
625
625
625
627
628
630
631
631
632
633
633
635
635
637
640
641
642
643
646
646
647
649
649
650
652
652
654
655
655
656
657
658
659
659
660
661
662
662
663
665
669
670
670
671
671
672
673
674
674
675
675
676
677
678
678
679
679
680
681
682
683
684
684
685
685
686
686
687
688
690
691
692
693
693
693
693
694
694
696
696
699
700
700
702
702
704
704
705
706
711
712
714
715
716
718
719
722
724
724
725
725
726
726
727
728
729
730
731
731
731
733
733
734
735
735
738
738
739
739
742
742
742
743
745
745
747
749
749
749
750
751
752
752
754
755
755
755
757
757
757
757
758
758
758
758
758
759
761
761
762
763
765
767
770
770
770
770
770
770
772
773
773
774
775
776
778
781
782
782
786
786
789
789
789
790
790
791
791
792
792
792
793
793
797
797
799
801
802
803
803
805
805
806
806
807
807
808
809
810
811
811
815
815
815
816
816
817
818
818
819
819
821
822
822
822
823
824
825
832
832
833
834
835
836
836
836
836
837
838
841
841
843
844
844
844
845
846
846
847
847
849
850
851
852
856
856
858
858
859
861
861
861
866
868
869
871
873
876
879
883
883
884
885
887
887
888
888
890
890
890
891
891
894
895
895
897
898
898
898
898
899
900
901
902
903
903
903
904
904
906
907
908
909
911
911
911
919
919
920
921
922
927
928
930
933
933
937
937
937
939
939
939
941
941
943
945
945
945
945
945
946
946
949
949
949
950
953
954
954
955
956
956
958
958
959
962
962
963
965
965
965
965
966
967
967
968
968
972
972
978
979
979
979
979
980
980
981
981
983
984
984
985
985
987
987
989
991
991
992
992
993
997